P
    0,   0,   0,   0,   0,   0,   0,   0, 
   -5,   2,   2,   1,   1,   2,   2,  -5, 
   -8,  -1,   7,   9,   9,   7,  -1,  -8, 
   -7,  -4,   7,  13,  13,   7,  -4,  -7, 
   -3,   1,   1,   8,   8,   1,   1,  -3, 
   -3,  -4,  -3,  -1,  -1,  -3,  -4,  -3, 
   -2,   7,  -4,  -2,  -2,  -4,   7,  -2, 
    0,   0,   0,   0,   0,   0,   0,   0
 
    0,   0,   0,   0,   0,   0,   0,   0, 
    2,  -2,   3,  -1,  -1,   3,  -2,   2, 
   -2,  -2,   1,   1,   1,   1,  -2,  -2, 
    1,   1,  -4,  -2,  -2,  -4,   1,   1, 
    3,   3,   2,  -3,  -3,   2,   3,   3, 
    3,  -2,   0,   1,   1,   0,  -2,   3, 
    1,  -4,   0,   7,   7,   0,  -4,   1, 
    0,   0,   0,   0,   0,   0,   0,   0
N
  -63, -38, -32, -29, -29, -32, -38, -63, 
  -33, -17,  -9,  -4,  -4,  -9, -17, -33, 
  -28,  -9,   0,   3,   3,   0,  -9, -28, 
  -10,   7,  16,  18,  18,  16,   7, -10, 
  -11,   6,  14,  19,  19,  14,   6, -11, 
   -5,  14,  21,  25,  25,  21,  14,  -5, 
  -25,  -8,   1,   5,   5,   1,  -8, -25, 
  -77, -27, -17, -12, -12, -17, -27, -77
 
  -42, -33, -18,  -6,  -6, -18, -33, -42, 
  -27, -22,  -7,   3,   3,  -7, -22, -27, 
  -20, -16,  -3,  10,  10,  -3, -16, -20, 
  -17, -10,   2,  14,  14,   2, -10, -17, 
  -18, -10,   1,  15,  15,   1, -10, -18, 
  -22, -15,  -3,  10,  10,  -3, -15, -22, 
  -26, -20, -10,   5,   5, -10, -20, -26, 
  -43, -35, -20,  -6,  -6, -20, -35, -43
B
  -18,  -6, -10, -14, -14, -10,  -6, -18, 
   -8,   7,   4,   0,   0,   4,   7,  -8, 
   -4,  10,   8,   4,   4,   8,  10,  -4, 
   -5,  10,   8,   3,   3,   8,  10,  -5, 
   -5,  10,   6,   3,   3,   6,  10,  -5, 
   -7,   6,   4,   0,   0,   4,   6,  -7, 
   -9,   6,   2,  -1,  -1,   2,   6,  -9, 
  -14,  -5,  -8, -12, -12,  -8,  -5, -14
 
  -23, -13, -15,  -8,  -8, -15, -13, -23, 
  -14,  -4,  -6,   1,   1,  -6,  -4, -14, 
   -9,   0,  -2,   6,   6,  -2,   0,  -9, 
  -11,  -2,  -2,   6,   6,  -2,  -2, -11, 
  -11,  -2,  -3,   5,   5,  -3,  -2, -11, 
  -10,  -1,   0,   5,   5,   0,  -1, -10, 
  -14,  -4,  -5,   2,   2,  -5,  -4, -14, 
  -22, -13, -15,  -7,  -7, -15, -13, -22
R
  -10,  -7,  -7,  -4,  -4,  -7,  -7, -10, 
   -9,  -4,  -2,   0,   0,  -2,  -4,  -9, 
   -9,  -4,  -2,   0,   0,  -2,  -4,  -9, 
   -9,  -3,  -1,   0,   0,  -1,  -3,  -9, 
   -9,  -3,   0,   0,   0,   0,  -3,  -9, 
   -9,  -3,   0,   0,   0,   0,  -3,  -9, 
   -5,   1,   3,   4,   4,   3,   1,  -5, 
   -9,  -6,  -5,  -2,  -2,  -5,  -6,  -9
 
    0,   0,   0,   0,   0,   0,   0,   0, 
    0,   0,   0,   0,   0,   0,   0,   0, 
    0,   0,   0,   0,   0,   0,   0,   0, 
    0,   0,   0,   0,   0,   0,   0,   0, 
    0,   0,   0,   0,   0,   0,   0,   0, 
    0,   0,   0,   0,   0,   0,   0,   0, 
    0,   0,   0,   0,   0,   0,   0,   0, 
    0,   0,   0,   0,   0,   0,   0,   0
Q
    0,  -2,  -2,  -1,  -1,  -2,  -2,   0, 
   -2,   2,   3,   3,   3,   3,   2,  -2, 
   -1,   2,   3,   3,   3,   3,   2,  -1, 
   -1,   3,   3,   2,   2,   3,   3,  -1, 
   -2,   3,   3,   2,   2,   3,   3,  -2, 
   -1,   2,   3,   3,   3,   3,   2,  -1, 
   -1,   2,   2,   2,   2,   2,   2,  -1, 
   -1,  -2,  -1,   0,   0,  -1,  -2,  -1
 
  -28, -22, -17, -12, -12, -17, -22, -28, 
  -22, -12,  -9,  -2,  -2,  -9, -12, -22, 
  -16,  -7,  -4,   1,   1,  -4,  -7, -16, 
  -12,  -2,   3,   7,   7,   3,  -2, -12, 
  -11,  -2,   3,   8,   8,   3,  -2, -11, 
  -16,  -7,  -4,   1,   1,  -4,  -7, -16, 
  -22, -12,  -9,  -3,  -3,  -9, -12, -22, 
  -29, -22, -17, -12, -12, -17, -22, -29
K
  104, 125, 105,  76,  76, 105, 125, 104, 
  103, 118,  92,  70,  70,  92, 118, 103, 
   78,  95,  68,  42,  42,  68,  95,  78, 
   69,  72,  57,  42,  42,  57,  72,  69, 
   58,  69,  44,  25,  25,  44,  69,  58, 
   46,  62,  32,  16,  16,  32,  62,  46, 
   33,  50,  24,   7,   7,  24,  50,  33, 
   24,  34,  18,   0,   0,  18,  34,  24
 
    0,  18,  29,  32,  32,  29,  18,   0, 
   16,  35,  55,  51,  51,  55,  35,  16, 
   32,  53,  65,  64,  64,  65,  53,  32, 
   41,  66,  66,  69,  69,  66,  66,  41, 
   42,  63,  78,  79,  79,  78,  63,  42, 
   37,  60,  68,  67,  67,  68,  60,  37, 
   19,  38,  47,  54,  54,  47,  38,  19, 
    3,  21,  31,  35,  35,  31,  21,   3